{
 "cells": [
  {
   "cell_type": "markdown",
   "metadata": {},
   "source": [
    "# Ejemplo de programación elementos finitos.\n",
    "## Introducción.\n",
    "\n",
    "El objetivo de esta práctica es ver una pequeña introducción a como preparar un programa de cálculo de elementos finitos.\n",
    "Para ello partiremos de un ejemplo de un modelo de barras en dos dimensiones (celosías).\n",
    "A partir del ejemplo se irán desarrollando paso a paso las distintas funciones necesarias para su solución.\n",
    "La programación se realizará en python utilizando las siguientes librerías:\n",
    "\n",
    "1. math\n",
    "1. numpy\n",
    "2. scipy\n",
    "3. matplotlib\n",
    "\n",
    "El código se implementará en un notebook de jupyter que permite la mezcla de texto, gráficos y código de forma sencilla mediante el uso de celdas de tipo *markdown* o tipo *code*.\n"
   ]
  },
  {
   "cell_type": "code",
   "execution_count": 1,
   "metadata": {},
   "outputs": [],
   "source": [
    "import numpy as np\n",
    "import scipy.sparse as sp\n",
    "from scipy.sparse.linalg import spsolve\n",
    "import matplotlib.pyplot as plt\n",
    "import math"
   ]
  },
  {
   "cell_type": "markdown",
   "metadata": {},
   "source": [
    "## Ejemplo\n",
    "\n",
    "Vamos a utilizar el siguiente ejemplo:\n",
    "\n",
    "![esquema](17_d.png)\n",
    "\n",
    "Como en el lenguaje python los arrays, listas, etc. se indexan empezando por cero, uilizaremos ese convenio en la descripción del modelo.\n",
    "Los nodos se numerarán de forma correlativa empezando por cero, con los elementos se hará de forma similar y para establecer las fuerzas concentradas en nodos se usará el nodo, la dirección (0 el eje x y 1 el eje y) y el valor. Las condiciones de contorno se definirán de forma similar a las fuerzas pero sin el dato valor.\n",
    "Si resumimos la información del modelo relevante para el cálculo observamos lo siguiente:\n",
    "\n",
    "* Coordenadas de los nodos.\n",
    "\n",
    "| Nodo  |   x  |  y|\n",
    "| ---   | --- | ---|\n",
    "| 0     |  0   |  0 |\n",
    "| 1    |   2  |  0 |\n",
    "| 2    |   1  | 0   |\n",
    "\n",
    "*  Elementos (barras articuladas)\n",
    "\n",
    "| Elemento  |  nodo 1  |  nodo  2  |   EA    |\n",
    "| ---       | ---      | ---       | ---     |\n",
    "|    0      |    0     |   1       |   1000  |\n",
    "|    1      |    0     |   2        |  1000  |\n",
    "|    2      |    1     |   2        |  1000  |\n",
    "\n",
    "* fuerzas aplicadas\n",
    "\n",
    "| Nodo  |  dirección  | valor |\n",
    "| ---   | ---         | ---   |\n",
    "| 2     |    0        | 1    |\n",
    "\n",
    "* Condiciones de contorno\n",
    "\n",
    "| Nodo  |  dirección  | \n",
    "| ---   | ---         | \n",
    "| 0     |    0        | \n",
    "| 0     |    1        | \n",
    "| 1     |    1        | \n",
    "\n",
    "\n",
    "Lo primero que se hará es definir formalmente el modelo en el lenguaje en cuestión. Para el caso que nos ocupa usaremos un array del tipo numpy para las coordenadas y listas para los elementos, las fuerzas y las condiciones de contorno.\n",
    "Crearemos las variables correspondientes con los nombres que nos parezcan oportunos."
   ]
  },
  {
   "cell_type": "markdown",
   "metadata": {},
   "source": [
    "Para los nodos un array con sus coordenadas [[x0,y0],[x1,y1],...]\n",
    "Para los elementos una lista con los mismos [el1,el2,....], donde cada elemento es [nodo 1, nodo 2, EA]\n",
    "Para las fuerzas una lista con cada una de ellas [[nodo,dirección,F_val],...]\n",
    "Y para las condiciones de contorno una lista similar[[nodo,dirección],...]\n",
    "Escribiéndolo en python tendríamos lo siguiente"
   ]
  },
  {
   "cell_type": "code",
   "execution_count": 2,
   "metadata": {},
   "outputs": [],
   "source": [
    "x = np.array([[0,0],[2,0],[1,2]])\n",
    "elementos = [[0,1,1000],[0,2,1000],[1,2,1000]]\n",
    "fuerzas = [[2,0,1]]\n",
    "cc = [[0,0],[0,1],[1,1]]"
   ]
  },
  {
   "cell_type": "markdown",
   "metadata": {},
   "source": [
    "## Matriz de rigidez del modelo\n",
    "\n",
    "El objetivo del cálculo es llegar a una ecuación del tipo $\\mathbf{K}\\mathbf{d}=\\mathbf{f}$ donde $\\mathbf{K}$ es la matriz de rigidez global del modelo que se obtiene a partir de las matrices de rigidez de cada elemento ensambladas (sumadas en una cierta posición dependiente de los nodos) en la global.\n",
    "\n",
    "El vector de fuerzas $\\mathbf{f}$ también se obtiene de forma similar ensamblando las fuerzas dadas cada una de ellas en la posición correspondiente.\n",
    "\n",
    "Como los grados de libertad considerados son dos por nodo (u según x,v según y) las dimensiones de las matrices serán siendo $n$ el número de nodos.\n",
    "\n",
    "|   Matriz    |  dimensión |\n",
    "|  ----       |   -------  |\n",
    "| $\\mathbf{K}$ | $2n\\times2n$ |\n",
    "| $\\mathbf{d}$ | $2n$        |\n",
    "| $\\mathbf{f}$ | $2n$      |\n",
    "\n",
    "Al haber indexado a partir de cero la relación entre nodo, dirección y grado de libertad es muy sencilla:\n",
    "Al nodo $i$, dirección $j$ le corresonde el grado de libertad (índice en las matrices)  $2i+j$\n"
   ]
  },
  {
   "cell_type": "markdown",
   "metadata": {},
   "source": [
    "## Matriz de rigidez elemental\n",
    "\n",
    "Primeramente obtendremos la función matriz de rigidez de un elemento.\n",
    "Una vez obtenida se aplicará esa función a todos los elementos y se ensamblarán.\n",
    "\n",
    "La matriz de rigidez del elemento es:\n",
    "\n",
    "$ \\mathbf{K}_{el} = \n",
    "\\frac{EA}{l}\\begin{pmatrix}\n",
    "c^2 & cs & -c^2 & -cs \\\\\n",
    "cs  & s^2 & cs & s^2 \\\\\n",
    "-c^2 & -cs & c^2 & cs \\\\\n",
    "-cs &  -s^2 & cs & s^2\n",
    "\\end{pmatrix}\n",
    "$\n",
    "siendo $c$ el coseno del ángulo que forma la barra con la horizontal y $s$ el seno.\n",
    "\n",
    "Como se puede observar, en este caso, está formada por un bloque de $2\\times2$ que se repite cuatro veces, dos de ellas con el signo cambiado.\n",
    "\n",
    "Si denominamos al bloque básico $\\mathbf{K}_{11}$ tendríamos lo siguiente\n",
    "$ \\mathbf{K_{11}} = \n",
    "\\frac{EA}{l}\\begin{pmatrix}\n",
    "c^2 & cs \\\\\n",
    "cs & s^2 \n",
    "\\end{pmatrix}\n",
    "$\n",
    "\n",
    "y por tanto:\n",
    "$ \\mathbf{K_{el}} = \n",
    "\\begin{pmatrix}\n",
    "\\mathbf{K}_{11} & -\\mathbf{K}_{11} \\\\\n",
    "-\\mathbf{K}_{11}& \\mathbf{K}_{11} \n",
    "\\end{pmatrix}\n",
    "$\n",
    "\n",
    "Vamos a proceder paso a paso escribiendo funciones para obtener la matriz de rigidez elemental. Partimos de un elemento que está definido por: [nodo 1,nodo 2, EA].\n",
    "Además necesitaremos las coordenadas de los nodos (en concreto las diferencias) para obtener la longitud y los senos y los cosenos.\n"
   ]
  },
  {
   "cell_type": "markdown",
   "metadata": {},
   "source": [
    "La primera función que vamos incluir es la que accede a las coordenadas de los nodos\n",
    "Argumentos:\n",
    "1. elemento,coordenadas\n",
    "   [nodo 1,nodo 2, EA] , coordenadas\n",
    "Resultado:\n",
    "1. elemento modificado\n",
    "   [nodo 1, nodo 2, EA,x2-x1,y2-y1]\n"
   ]
  },
  {
   "cell_type": "code",
   "execution_count": 3,
   "metadata": {},
   "outputs": [],
   "source": [
    "fk_0 = lambda el,coor: [el[0],el[1],el[2],coor[el[1]][0]-coor[el[0]][0],coor[el[1]][1]-coor[el[0]][1]]"
   ]
  },
  {
   "cell_type": "code",
   "execution_count": 4,
   "metadata": {},
   "outputs": [
    {
     "data": {
      "text/plain": [
       "[0, 2, 1000, 1, 2]"
      ]
     },
     "execution_count": 4,
     "metadata": {},
     "output_type": "execute_result"
    }
   ],
   "source": [
    "fk_0(elementos[1],x)"
   ]
  },
  {
   "cell_type": "markdown",
   "metadata": {},
   "source": [
    "La siguiente función calcula la longitud del elemento\n",
    "Argumentos:\n",
    "1. elemento\n",
    "   [nodo 1,nodo 2, EA,x2-x1,y2-y1] \n",
    "Resultado:\n",
    "1. elemento modificado\n",
    "   [nodo 1, nodo 2, EA,l,x2-x1,y2-y1]"
   ]
  },
  {
   "cell_type": "code",
   "execution_count": 5,
   "metadata": {},
   "outputs": [],
   "source": [
    "fk_1 = lambda el: [el[0],el[1],el[2],math.hypot(el[3],el[4]),el[3],el[4]]"
   ]
  },
  {
   "cell_type": "code",
   "execution_count": 6,
   "metadata": {},
   "outputs": [
    {
     "data": {
      "text/plain": [
       "[0, 1, 1000, 2.0, 2, 0]"
      ]
     },
     "execution_count": 6,
     "metadata": {},
     "output_type": "execute_result"
    }
   ],
   "source": [
    "fk_0(elementos[0],x)\n",
    "fk_1(fk_0(elementos[0],x))"
   ]
  },
  {
   "cell_type": "markdown",
   "metadata": {},
   "source": [
    "La siguiente función obtiene el coseno y el seno y la rigidez axial $\\frac{EA}{l}$  del elemento donde tanto el coseno como el seno se obtienen a partir de las diferencias de coordenadas y de la longitud"
   ]
  },
  {
   "cell_type": "code",
   "execution_count": 7,
   "metadata": {},
   "outputs": [],
   "source": [
    "fk_2 = lambda el: [el[0],el[1],el[2]/el[3],el[4]/el[3],el[5]/el[3]]"
   ]
  },
  {
   "cell_type": "code",
   "execution_count": 8,
   "metadata": {},
   "outputs": [
    {
     "data": {
      "text/plain": [
       "[0, 1, 500.0, 1.0, 0.0]"
      ]
     },
     "execution_count": 8,
     "metadata": {},
     "output_type": "execute_result"
    }
   ],
   "source": [
    "fk_0(elementos[0],x)\n",
    "fk_1(fk_0(elementos[0],x))\n",
    "fk_2(fk_1(fk_0(elementos[0],x)))"
   ]
  },
  {
   "cell_type": "markdown",
   "metadata": {},
   "source": [
    "Ahora se puede obtener el bloque elemental $\\mathbf{K}_{11}$ de la matriz de rigidez elemental\n",
    "$ \\mathbf{K_{11}} = \n",
    "\\frac{EA}{l}\\begin{pmatrix}\n",
    "c^2 & cs \\\\\n",
    "cs & s^2 \n",
    "\\end{pmatrix}\n",
    "$"
   ]
  },
  {
   "cell_type": "code",
   "execution_count": 9,
   "metadata": {},
   "outputs": [],
   "source": [
    "fk_11 = lambda el: el[2]*np.array([[el[3]**2,el[3]*el[4]],[el[3]*el[4],el[4]**2]])"
   ]
  },
  {
   "cell_type": "code",
   "execution_count": 10,
   "metadata": {},
   "outputs": [
    {
     "data": {
      "text/plain": [
       "array([[500.,   0.],\n",
       "       [  0.,   0.]])"
      ]
     },
     "execution_count": 10,
     "metadata": {},
     "output_type": "execute_result"
    }
   ],
   "source": [
    "fk_11(fk_2(fk_1(fk_0(elementos[0],x))))"
   ]
  },
  {
   "cell_type": "markdown",
   "metadata": {},
   "source": [
    "Y a partir del bloque $\\mathbf{K}_{11}$ podemos obtener la matriz de rigidez local del elemento\n",
    "$ \\mathbf{K_{el}} = \n",
    "\\begin{pmatrix}\n",
    "\\mathbf{K}_{11} & -\\mathbf{K}_{11} \\\\\n",
    "-\\mathbf{K}_{11}& \\mathbf{K}_{11} \n",
    "\\end{pmatrix}\n",
    "$"
   ]
  },
  {
   "cell_type": "code",
   "execution_count": 11,
   "metadata": {},
   "outputs": [],
   "source": [
    "fk_loc = lambda k11: np.vstack((np.hstack((k11,-k11)),np.hstack((-k11,k11))))"
   ]
  },
  {
   "cell_type": "code",
   "execution_count": 12,
   "metadata": {},
   "outputs": [
    {
     "data": {
      "text/plain": [
       "array([[ 500.,    0., -500.,   -0.],\n",
       "       [   0.,    0.,   -0.,   -0.],\n",
       "       [-500.,   -0.,  500.,    0.],\n",
       "       [  -0.,   -0.,    0.,    0.]])"
      ]
     },
     "execution_count": 12,
     "metadata": {},
     "output_type": "execute_result"
    }
   ],
   "source": [
    "fk_loc(fk_11(fk_2(fk_1(fk_0(elementos[0],x)))))"
   ]
  },
  {
   "cell_type": "markdown",
   "metadata": {},
   "source": [
    "Todas las funciones auxiliares para obtener la matriz de rigidez las podemos juntar en una sola."
   ]
  },
  {
   "cell_type": "code",
   "execution_count": 13,
   "metadata": {},
   "outputs": [],
   "source": [
    "fk_el = lambda elemento,coor: fk_loc(fk_11(fk_2(fk_1(fk_0(elemento,coor)))))"
   ]
  },
  {
   "cell_type": "code",
   "execution_count": 14,
   "metadata": {},
   "outputs": [
    {
     "data": {
      "text/plain": [
       "array([[  89.4427191, -178.8854382,  -89.4427191,  178.8854382],\n",
       "       [-178.8854382,  357.7708764,  178.8854382, -357.7708764],\n",
       "       [ -89.4427191,  178.8854382,   89.4427191, -178.8854382],\n",
       "       [ 178.8854382, -357.7708764, -178.8854382,  357.7708764]])"
      ]
     },
     "execution_count": 14,
     "metadata": {},
     "output_type": "execute_result"
    }
   ],
   "source": [
    "fk_el(elementos[2],x)"
   ]
  },
  {
   "cell_type": "markdown",
   "metadata": {},
   "source": [
    "## Matriz de rigidez de un conjunto de elementos y ensamblaje\n",
    "\n",
    "Una vez que tengo una función para obtener la matriz de rigidez de un elemento, la forma de obtener las matrices de rigidez de todos los elementos es aplicar esa función a todos los elementos."
   ]
  },
  {
   "cell_type": "code",
   "execution_count": 15,
   "metadata": {},
   "outputs": [],
   "source": [
    "fk_els = lambda elementos,coor: map(lambda elemento: fk_el(elemento,coor),elementos)"
   ]
  },
  {
   "cell_type": "code",
   "execution_count": 16,
   "metadata": {},
   "outputs": [
    {
     "data": {
      "text/plain": [
       "[array([[ 500.,    0., -500.,   -0.],\n",
       "        [   0.,    0.,   -0.,   -0.],\n",
       "        [-500.,   -0.,  500.,    0.],\n",
       "        [  -0.,   -0.,    0.,    0.]]),\n",
       " array([[  89.4427191,  178.8854382,  -89.4427191, -178.8854382],\n",
       "        [ 178.8854382,  357.7708764, -178.8854382, -357.7708764],\n",
       "        [ -89.4427191, -178.8854382,   89.4427191,  178.8854382],\n",
       "        [-178.8854382, -357.7708764,  178.8854382,  357.7708764]]),\n",
       " array([[  89.4427191, -178.8854382,  -89.4427191,  178.8854382],\n",
       "        [-178.8854382,  357.7708764,  178.8854382, -357.7708764],\n",
       "        [ -89.4427191,  178.8854382,   89.4427191, -178.8854382],\n",
       "        [ 178.8854382, -357.7708764, -178.8854382,  357.7708764]])]"
      ]
     },
     "execution_count": 16,
     "metadata": {},
     "output_type": "execute_result"
    }
   ],
   "source": [
    "list(fk_els(elementos,x))"
   ]
  },
  {
   "cell_type": "markdown",
   "metadata": {},
   "source": [
    "Podría hacerse sin necesidad de definir la función auxiliar fk_els"
   ]
  },
  {
   "cell_type": "code",
   "execution_count": 17,
   "metadata": {},
   "outputs": [
    {
     "data": {
      "text/plain": [
       "[array([[ 500.,    0., -500.,   -0.],\n",
       "        [   0.,    0.,   -0.,   -0.],\n",
       "        [-500.,   -0.,  500.,    0.],\n",
       "        [  -0.,   -0.,    0.,    0.]]),\n",
       " array([[  89.4427191,  178.8854382,  -89.4427191, -178.8854382],\n",
       "        [ 178.8854382,  357.7708764, -178.8854382, -357.7708764],\n",
       "        [ -89.4427191, -178.8854382,   89.4427191,  178.8854382],\n",
       "        [-178.8854382, -357.7708764,  178.8854382,  357.7708764]]),\n",
       " array([[  89.4427191, -178.8854382,  -89.4427191,  178.8854382],\n",
       "        [-178.8854382,  357.7708764,  178.8854382, -357.7708764],\n",
       "        [ -89.4427191,  178.8854382,   89.4427191, -178.8854382],\n",
       "        [ 178.8854382, -357.7708764, -178.8854382,  357.7708764]])]"
      ]
     },
     "execution_count": 17,
     "metadata": {},
     "output_type": "execute_result"
    }
   ],
   "source": [
    "list((lambda elementos,coor: map(lambda elemento: fk_el(elemento,coor),elementos))(elementos,x))"
   ]
  },
  {
   "cell_type": "markdown",
   "metadata": {},
   "source": [
    "Con vistas al ensamblaje nos conviene tener todos los elementos de las matrices de rigidez en un array unidimensional. Para ello usaremos la función np.ravel y definimos una nieva función"
   ]
  },
  {
   "cell_type": "code",
   "execution_count": 18,
   "metadata": {},
   "outputs": [],
   "source": [
    "f_kg1 = lambda elementos,coordenadas:np.ravel(list(fk_els(elementos,coordenadas)))"
   ]
  },
  {
   "cell_type": "code",
   "execution_count": 19,
   "metadata": {},
   "outputs": [
    {
     "data": {
      "text/plain": [
       "array([ 500.       ,    0.       , -500.       ,   -0.       ,\n",
       "          0.       ,    0.       ,   -0.       ,   -0.       ,\n",
       "       -500.       ,   -0.       ,  500.       ,    0.       ,\n",
       "         -0.       ,   -0.       ,    0.       ,    0.       ,\n",
       "         89.4427191,  178.8854382,  -89.4427191, -178.8854382,\n",
       "        178.8854382,  357.7708764, -178.8854382, -357.7708764,\n",
       "        -89.4427191, -178.8854382,   89.4427191,  178.8854382,\n",
       "       -178.8854382, -357.7708764,  178.8854382,  357.7708764,\n",
       "         89.4427191, -178.8854382,  -89.4427191,  178.8854382,\n",
       "       -178.8854382,  357.7708764,  178.8854382, -357.7708764,\n",
       "        -89.4427191,  178.8854382,   89.4427191, -178.8854382,\n",
       "        178.8854382, -357.7708764, -178.8854382,  357.7708764])"
      ]
     },
     "execution_count": 19,
     "metadata": {},
     "output_type": "execute_result"
    }
   ],
   "source": [
    "f_kg1(elementos,x)"
   ]
  },
  {
   "cell_type": "markdown",
   "metadata": {},
   "source": [
    "Para poder enamblar las matrices de rigidez es necesario saber a que índices de la matriz de rigidez global va cada elemento de una matriz de rigidez elemental.\n",
    "Vamos a crear unas funciones que nos den esos índices en función de los nodos del elemento, una función para las filas de todos los elementos de la matriz y otra función para las columnas.\n"
   ]
  },
  {
   "cell_type": "code",
   "execution_count": 20,
   "metadata": {},
   "outputs": [],
   "source": [
    "columnask = lambda y:  np.array(list(( map(lambda x: [x*2,x*2+1],y)))*4).flatten()\n",
    "filask = lambda y:  np.array(list(( map(lambda x: [list([x*2])*4,list([x*2+1])*4],y)))).flatten()"
   ]
  },
  {
   "cell_type": "code",
   "execution_count": 21,
   "metadata": {},
   "outputs": [
    {
     "name": "stdout",
     "output_type": "stream",
     "text": [
      "[0 0 0 0 1 1 1 1 2 2 2 2 3 3 3 3]\n",
      "[2 3 4 5 2 3 4 5 2 3 4 5 2 3 4 5]\n"
     ]
    }
   ],
   "source": [
    "print(filask((0,1)))\n",
    "print(columnask((1,2)))"
   ]
  },
  {
   "cell_type": "markdown",
   "metadata": {},
   "source": [
    "Si se aplican las funciones a un conjunto de elementos se definen las siguientes funciones"
   ]
  },
  {
   "cell_type": "code",
   "execution_count": 22,
   "metadata": {},
   "outputs": [],
   "source": [
    "fco = lambda elementos: list(np.ravel(list(map(lambda u: columnask((u[0],u[1])),elementos))))\n",
    "ffi = lambda elementos: list(np.ravel(list(map(lambda u: filask((u[0],u[1])),elementos))))"
   ]
  },
  {
   "cell_type": "markdown",
   "metadata": {},
   "source": [
    "Como ejemplo se puede aplicar a todos nuestros elementos:"
   ]
  },
  {
   "cell_type": "code",
   "execution_count": 23,
   "metadata": {},
   "outputs": [
    {
     "name": "stdout",
     "output_type": "stream",
     "text": [
      "[0, 1, 2, 3, 0, 1, 2, 3, 0, 1, 2, 3, 0, 1, 2, 3, 0, 1, 4, 5, 0, 1, 4, 5, 0, 1, 4, 5, 0, 1, 4, 5, 2, 3, 4, 5, 2, 3, 4, 5, 2, 3, 4, 5, 2, 3, 4, 5]\n"
     ]
    }
   ],
   "source": [
    "print(fco(elementos))"
   ]
  },
  {
   "cell_type": "markdown",
   "metadata": {},
   "source": [
    "Una vez que se dispone de las matrices de rigidez de todos los elementos y las filas y columnas de cada elemento de cada matriz se pueden ensamblar en la matriz de rigidez global.\n",
    "Utilizaremos el formato de matriz sparse del módulo de python scipy que a la vez que genera la matriz sparse va sumando los distintos elemntos.\n"
   ]
  },
  {
   "cell_type": "code",
   "execution_count": 24,
   "metadata": {},
   "outputs": [],
   "source": [
    "f_kg = lambda elementos,puntos: sp.csr_matrix(sp.coo_matrix((f_kg1(elementos,puntos),(fco(elementos),ffi(elementos))),shape=(len(puntos)*2,len(puntos)*2)))\n"
   ]
  },
  {
   "cell_type": "code",
   "execution_count": 25,
   "metadata": {},
   "outputs": [
    {
     "name": "stdout",
     "output_type": "stream",
     "text": [
      "[[ 589.4427191  178.8854382 -500.           0.         -89.4427191\n",
      "  -178.8854382]\n",
      " [ 178.8854382  357.7708764    0.           0.        -178.8854382\n",
      "  -357.7708764]\n",
      " [-500.           0.         589.4427191 -178.8854382  -89.4427191\n",
      "   178.8854382]\n",
      " [   0.           0.        -178.8854382  357.7708764  178.8854382\n",
      "  -357.7708764]\n",
      " [ -89.4427191 -178.8854382  -89.4427191  178.8854382  178.8854382\n",
      "     0.       ]\n",
      " [-178.8854382 -357.7708764  178.8854382 -357.7708764    0.\n",
      "   715.5417528]]\n"
     ]
    }
   ],
   "source": [
    "print(f_kg(elementos,x).todense())"
   ]
  },
  {
   "cell_type": "markdown",
   "metadata": {},
   "source": [
    "## Condiciones de contorno\n",
    "\n",
    "La matriz obtenida es singular dado que no hemos incluido ninguna condición de contorno."
   ]
  },
  {
   "cell_type": "code",
   "execution_count": 26,
   "metadata": {},
   "outputs": [
    {
     "data": {
      "text/plain": [
       "0.0"
      ]
     },
     "execution_count": 26,
     "metadata": {},
     "output_type": "execute_result"
    }
   ],
   "source": [
    "np.linalg.det(f_kg(elementos,x).todense())\n"
   ]
  },
  {
   "cell_type": "markdown",
   "metadata": {},
   "source": [
    "Las condiciones de contorno podrían incluirse eliminando las filas y columnas de la matriz de rigidez correspondientes a los grados de libertad restringidos pero una forma más simple es imponiendo las restricciones por penalización. Se añaden en los elementos de  la diagonal de la matriz de rigidez correspondientes a los grados de libertad restringidos unos valores de rigidez muy elevados que imponend forma aproximada el cumplimiento de la restricción.\n",
    "De este modo se mantienen las dimensiones de las matrices que en el otro caso habrían cambiado.\n",
    "\n",
    "Si denominamos al valor elevado de rigidez $kpen$ y tenemos en el nodo $i$ restringido el grado de libertad $j$ basta con añadir el valor $kpen$ al elemento de la matriz de rigidez global $\\left(2i+j,2i+j\\right)$\n",
    "\n",
    "Al generar la matriz de rigidez global se añaden estos elementos con sus índices correspondientes."
   ]
  },
  {
   "cell_type": "code",
   "execution_count": 27,
   "metadata": {},
   "outputs": [],
   "source": [
    "kpen = 1e20\n",
    "f_cc1 = lambda cc: list(map(lambda u: kpen,cc))\n",
    "f_cc2 = lambda cc: list(map(lambda u: u[0]*2+u[1],cc))\n",
    "f_kgp = lambda elementos,puntos,cc: sp.csr_matrix(sp.coo_matrix((np.hstack((f_kg1(elementos,puntos),f_cc1(cc))),(fco(elementos)+f_cc2(cc),ffi(elementos)+f_cc2(cc))),shape=(len(puntos)*2,len(puntos)*2)))"
   ]
  },
  {
   "cell_type": "code",
   "execution_count": 28,
   "metadata": {},
   "outputs": [
    {
     "data": {
      "text/plain": [
       "6.400000000000038e+67"
      ]
     },
     "execution_count": 28,
     "metadata": {},
     "output_type": "execute_result"
    }
   ],
   "source": [
    "np.linalg.det(f_kgp(elementos,x,cc).todense())\n"
   ]
  },
  {
   "cell_type": "markdown",
   "metadata": {},
   "source": [
    "## Fuerzas\n",
    "\n",
    "El vector de fuerzas se obtiene de forma similar a la matriz de rigidez. Se crea una matriz sparse a partir de los valores de las fuerzas aplicadas y de los grados de libertad correspondientes.\n",
    "Para ello usaremos dos funciones auxiliares.\n",
    "1. f_b1 transforma la lista de fuerzas en una lista con los valores de las fuerzas y las filas del vector global f (además de un 0 para la columna)\n",
    "2. f_b ensambla el vector de fuerzas en una matriz sparse\n"
   ]
  },
  {
   "cell_type": "code",
   "execution_count": 29,
   "metadata": {},
   "outputs": [],
   "source": [
    "# fb da el vector de fuerzas en funcion de [[nodo,direccion,fuerza],...] y puntos\n",
    "f_b1 = lambda fuerzas,puntos: (list(map(lambda u: u[2],fuerzas)),(list(map(lambda u: u[0]*2+u[1],fuerzas)),list(map(lambda u: 0,fuerzas))))\n",
    "f_b = lambda fuerzas,puntos: sp.csr_matrix(sp.coo_matrix((f_b1(fuerzas,puntos)),shape=(len(puntos)*2,1)))"
   ]
  },
  {
   "cell_type": "code",
   "execution_count": 30,
   "metadata": {},
   "outputs": [
    {
     "name": "stdout",
     "output_type": "stream",
     "text": [
      "  (4, 0)\t1\n"
     ]
    }
   ],
   "source": [
    "print(f_b(fuerzas,x))"
   ]
  },
  {
   "cell_type": "markdown",
   "metadata": {},
   "source": [
    "Hemos obtenido una matriz sparse de $6\\times1$ con un elemento no nulo de valor $1$ en el índice 4 que se corresponde con el nodo $2$ y dirección $x$"
   ]
  },
  {
   "cell_type": "markdown",
   "metadata": {},
   "source": [
    "Una vez que tenemos la matriz de rigidez global y el vector de fuerzas global podemos resolver el sistema de ecuaciones "
   ]
  },
  {
   "cell_type": "code",
   "execution_count": 31,
   "metadata": {},
   "outputs": [
    {
     "name": "stdout",
     "output_type": "stream",
     "text": [
      "[[ 1.00000000e-20  1.00000000e-20]\n",
      " [ 1.00000000e-03 -1.00000000e-20]\n",
      " [ 6.09016994e-03 -2.50000000e-04]]\n"
     ]
    }
   ],
   "source": [
    "d = spsolve(f_kgp(elementos,x,cc),f_b(fuerzas,x)).reshape(3,2)\n",
    "print(d)"
   ]
  },
  {
   "cell_type": "markdown",
   "metadata": {},
   "source": [
    "Podemos crear una función para resolver el problema"
   ]
  },
  {
   "cell_type": "code",
   "execution_count": 32,
   "metadata": {},
   "outputs": [],
   "source": [
    "f_solve = lambda x,els,fuerzas,cc: spsolve(f_kgp(els,x,cc),f_b(fuerzas,x)).reshape(len(x),2)"
   ]
  },
  {
   "cell_type": "code",
   "execution_count": 33,
   "metadata": {},
   "outputs": [],
   "source": [
    "u = f_solve(x,elementos,fuerzas,cc)"
   ]
  },
  {
   "cell_type": "markdown",
   "metadata": {},
   "source": [
    "Utilizaremos las siguientes funciones para dibujar los nodos o los elementos"
   ]
  },
  {
   "cell_type": "code",
   "execution_count": 34,
   "metadata": {},
   "outputs": [],
   "source": [
    "f_dibnodos= lambda puntos,color='go': plt.plot(puntos[:,0],puntos[:,1],color)\n",
    "f_dibelems = lambda puntos,elementos,color='r':plt.plot(*(sum(list(map(lambda u: [(puntos[u[0]][0],puntos[u[1]][0]),(puntos[u[0]][1],puntos[u[1]][1]),color],elementos)),[] )))"
   ]
  },
  {
   "cell_type": "code",
   "execution_count": 35,
   "metadata": {},
   "outputs": [
    {
     "data": {
      "text/plain": [
       "[<matplotlib.lines.Line2D at 0xa79483b0>,\n",
       " <matplotlib.lines.Line2D at 0xa7948470>,\n",
       " <matplotlib.lines.Line2D at 0xa79486b0>]"
      ]
     },
     "execution_count": 35,
     "metadata": {},
     "output_type": "execute_result"
    },
    {
     "data": {
